0 22222 1
1 22220 1
2 22200 4
3 22202 2
4 22010 3
5 22002 3
6 22000 11
7 22110 1
8 22100 1
9 20210 8
10 20212 3
11 20010 61
12 20012 17
13 21010 1
14 20110 5
15 20200 68
16 20202 30
17 20022 9
18 20000 342
19 20002 98
20 20100 65
21 20020 18
22 21000 22
23 20220 4
24 21002 4
25 21100 1
26 21202 1
27 21200 3
28 20222 1
29 11110 10
30 11100 53
31 11000 286
32 11010 40
33 11002 60
34 11020 8
35 11022 4
36 01202 21
37 01200 37
38 01010 66
39 01000 457
40 01022 9
41 01020 13
42 01002 107
43 01210 2
44 01222 2
45 01012 12
46 01220 1
47 11012 2
48 10110 89
49 10010 461
50 10012 56
51 10020 59
52 10022 46
53 00212 35
54 00210 78
55 00010 808
56 00012 140
57 00020 148
58 00022 90
59 00222 16
60 00220 32
61 10002 280
62 10000 1931
63 10100 337
64 00202 181
65 00002 750
66 00000 3510
67 00200 368
68 02002 7
69 02000 35
70 02010 3
71 10200 1
72 02202 2
73 02200 7
74 12000 3
75 02220 1
76 02020 2
